27818.700000000226 0
34643.5000000003 0
38804.60000000036 0
30360.900000000274 0
31297.900000000216 0
37369.40000000029 0
33447.00000000027 0
28861.400000000187 0
37335.90000000034 0
31597.800000000225 0
19038.40000000003 0
26003.300000000163 0
28370.900000000172 0
39160.200000000375 0
33765.200000000266 0
28439.500000000236 0
38955.00000000035 0
29937.30000000023 0
37997.70000000033 0
29839.200000000223 0
29489.300000000207 0
29425.100000000195 0
29672.500000000222 0
36084.50000000028 0
32671.000000000247 0
33384.70000000024 0
27508.90000000017 0
85893.39999999967 1
39918.60000000036 0
26395.20000000019 0
38556.100000000326 0
35396.9000000003 0
34694.00000000029 0
27928.00000000017 0
24822.400000000183 0
31780.10000000027 0
38048.90000000036 0
21351.40000000005 0
41394.90000000036 0
35456.00000000028 0
44774.600000000384 0
36847.90000000033 0
31561.800000000236 0
29435.000000000204 0
26966.90000000018 0
34971.200000000266 0
30856.700000000248 0
